4294967294,0
4294967278,369
4294967278,35
4294967278,34
4294967278,33
4294967278,32
4294967278,31
4294967278,30
4294967278,29
4294967278,28
4294967278,27
4294967278,26
4294967278,25
4294967278,24
4294967278,23
4294967278,22
4294967278,21
4294967278,20
4294967278,19
4294967278,18
4294967278,17
4294967278,16
4294967278,15
4294967278,14
4294967278,13
4294967278,12
4294967278,11
4294967278,10
4294967278,9
4294967278,8
4294967278,7
4294967278,6
4294967278,5
4294967278,4
4294967279,132
4294967279,131
4294967279,130
4294967279,129
4294967279,128
4294967279,127
4294967279,126
4294967279,125
4294967279,124
4294967279,123
4294967279,122
4294967279,120
4294967279,119
4294967279,118
4294967279,117
4294967279,116
4294967279,115
4294967279,114
4294967279,113
4294967279,112
4294967279,111
4294967279,110
4294967279,109
4294967279,108
4294967279,107
4294967279,106
4294967279,105
4294967279,104
4294967279,103
4294967279,102
4294967279,101
4294967279,100
4294967279,99
4294967279,98
4294967279,97
4294967279,96
4294967279,95
4294967279,94
4294967279,93
4294967279,92
4294967279,91
4294967279,90
4294967279,89
4294967279,87
4294967279,86
4294967279,85
4294967279,84
4294967279,83
4294967279,82
4294967279,81
4294967279,80
4294967279,79
4294967279,78
4294967279,77
4294967279,76
4294967279,75
4294967279,74
4294967279,73
4294967279,72
4294967279,71
4294967279,70
4294967279,69
4294967279,23
4294967279,22
4294967279,20
4294967279,19
4294967279,14
4294967279,12
4294967279,11
4294967278,357
4294967278,385
4294967279,452
4294967278,392
4294967279,414
4294967279,453
4294967278,183
4294967278,182
4294967278,181
4294967279,456
4294967278,180
4294967279,434
4294967278,177
4294967278,172
4294967278,167
4294967278,166
4294967278,160
4294967278,156
4294967278,146
4294967279,146
4294967279,145
4294967279,144
4294967279,143
4294967279,142
4294967279,141
4294967279,140
4294967278,135
4294967279,292
4294967279,291
4294967278,270
4294967278,266
4294967279,269
4294967278,264
4294967279,265
4294967278,349
4294967278,348
4294967278,347
4294967278,324
4294967279,415
4294967279,254
4294967278,253
4294967279,253
4294967278,252
4294967279,250
4294967278,250
4294967279,249
4294967278,248
4294967279,248
4294967278,246
4294967279,246
4294967278,244
4294967278,242
4294967279,244
4294967279,242
4294967278,240
4294967279,240
4294967279,237
4294967278,238
4294967279,238
4294967278,237
4294967278,236
4294967279,236
4294967279,234
4294967278,232
4294967279,232
4294967278,228
4294967278,230
4294967279,230
4294967279,228
4294967278,398
4294967279,226
4294967278,224
4294967279,224
4294967279,222
4294967278,222
4294967278,220
4294967279,220
4294967278,218
4294967278,216
4294967279,216
4294967278,214
4294967278,213
4294967279,214
4294967278,212
4294967278,211
4294967278,210
4294967278,209
4294967278,208
4294967279,209
4294967279,208
4294967278,206
4294967279,207
4294967278,205
4294967279,203
4294967278,201
4294967279,202
4294967278,260
4294967279,198
4294967278,187
4294967279,188
4294967278,186
4294967278,185
4294967279,186
4294967278,184
4294967279,184
4294967278,179
4294967279,180
4294967278,178
4294967279,179
4294967279,178
4294967278,176
4294967278,173
4294967279,177
4294967278,175
4294967279,176
4294967279,175
4294967278,171
4294967279,173
4294967279,172
4294967278,170
4294967279,171
4294967278,169
4294967279,170
4294967279,169
4294967279,168
4294967279,167
4294967278,165
4294967279,166
4294967278,162
4294967278,164
4294967279,165
4294967279,164
4294967278,163
4294967279,163
4294967278,161
4294967279,162
4294967279,161
4294967278,158
4294967278,159
4294967279,431
4294967279,159
4294967278,157
4294967279,158
4294967278,154
4294967278,155
4294967279,152
4294967278,151
4294967279,151
4294967279,454
4294967278,391
4294967278,142
4294967278,140
4294967278,139
4294967278,274
4294967279,273
4294967279,287
4294967278,265
4294967278,280
4294967279,267
4294967279,266
4294967278,278
4294967279,264
4294967279,263
4294967279,262
4294967279,284
4294967278,257
4294967279,259
4294967278,351
4294967279,420
4294967278,350
4294967279,419
4294967278,327
4294967279,416
4294967279,461
4294967279,411
4294967279,0
4294967279,255
4294967279,252
4294967279,251
4294967279,121
4294967279,393
4294967278,346
4294967278,88
4294967278,2
41,9
41,0
4294967278,397
4294967278,174
4294967278,0
41,8
41,7
41,6
41,5
4294967279,218
4294967279,280
4294967279,213
4294967294,89
4294967279,212
43,6
43,5
4294967279,211
43,4
43,3
43,2
43,1
4294967279,210
4294967278,319
4294967294,5
4294967278,317
4294967279,206
4294967278,204
4294967279,205
4294967278,203
4294967278,315
4294967279,204
4294967278,202
4294967278,384
4294967278,200
4294967279,201
4294967278,197
4294967278,199
4294967279,200
4294967278,198
4294967278,383
4294967279,199
4294967294,1242
4294967278,196
4294967279,197
4294967278,195
41,4
4294967279,196
41,3
41,2
41,1
4294967278,194
4294967279,195
4294967278,193
4294967279,194
4294967294,6
4294967278,192
4294967279,193
4294967279,313
4294967278,191
4294967279,192
4294967278,190
4294967279,191
4294967278,189
39,4
4294967279,190
39,3
39,2
39,1
4294967278,188
0,7
4294967279,189
